0.1553160182
0.0641882727
0.0832435706
0.1604834630
0.4601735765
0.8815654605
0.6854477376
0.3347369033
0.4959656028
0.5124083705
0.4830616392
0.4065815475
0.6107723475
0.1650244522
0.0849668103
0.0204334900
0.3006539320
0.3527524544
0.1164675873
0.1213329742
0.1350297661
0.3405169494
0.4222473122
0.0307685901
0.8563920444
0.7748853456
0.2742710595
0.7143338471
0.4028135704
0.7999618933
0.3690242156
0.1872309773
0.0991124472
0.8736430832
0.9947322602
0.2625125061
0.0507163597
0.0577129877
0.5149081383
0.2592116919
0.3599539149
0.0629414016
0.0782663803
0.2316133605
0.8223586667
0.0014597804
0.5339853168
0.9127469644
0.7408247599
0.2297137490
0.6441192204
0.8095767167
0.4288971732
0.3730532849
0.0454671925
0.8910097778
0.9137106521
0.9737854082
0.9130210540
0.1723860690
0.0159809355
0.9698115578
0.1177599804
0.7954454581
0.1476604569
0.8214388205
0.9423917026
0.1043561555
0.4252891462
0.9036439279
0.2468699040
0.3277781685
0.5670951120
0.1311481122
0.9099199393
0.4230652113
0.7287236105
0.3984535574
0.5462782428
0.3152983280
0.7310808132
0.0923991096
0.8074616838
0.5100149071
0.5525608240
0.5543062809
0.8212928400
0.2506701969
0.1402283713
0.4736102936
0.3825298706
0.7727780139
0.0202688693
0.2093853294
0.5318883414
0.1420729937
0.4515655069
0.8543950348
0.4159471715
0.3816842700

